internal [[[ 9.86013297e-02  2.25000000e-01  1.66666667e-01  3.62359887e-01]
  [ 2.02161245e-16  5.25019919e-16  6.66666667e-01  7.09982830e-16]
  [-9.86013297e-02 -2.25000000e-01 -9.29289541e-17 -3.62359887e-01]
  [ 3.94405319e-01  9.00000000e-01  4.16333634e-16  1.44943955e+00]
  [-3.94405319e-01 -9.00000000e-01 -6.66666667e-01 -1.44943955e+00]
  [-1.81038431e-17 -4.13114581e-17 -1.66666667e-01 -6.65316235e-17]]

 [[ 0.00000000e+00  0.00000000e+00  1.66666667e-01  0.00000000e+00]
  [-3.94405319e-01 -9.00000000e-01  1.16573418e-15 -1.44943955e+00]
  [-9.86013297e-02 -2.25000000e-01 -1.66666667e-01 -3.62359887e-01]
  [ 3.94405319e-01  9.00000000e-01  6.66666667e-01  1.44943955e+00]
  [ 2.77555756e-17 -1.11022302e-16 -6.66666667e-01 -2.22044605e-16]
  [ 9.86013297e-02  2.25000000e-01  0.00000000e+00  3.62359887e-01]]]
sum [[[ 2.47243786e-04  4.38667413e-04  5.82841372e-03  9.08620915e-04]
  [ 2.29528612e-16  5.87469964e-16 -1.99840144e-15  8.10557902e-16]
  [ 2.63677968e-16  6.66133815e-16 -3.88578059e-16  9.99200722e-16]
  [ 9.88975145e-04  1.75466965e-03  2.33136549e-02  3.63448366e-03]
  [ 1.11022302e-15  2.33146835e-15  1.44328993e-15  3.99680289e-15]
  [ 2.47243786e-04  4.38667413e-04  5.82841372e-03  9.08620915e-04]]

 [[ 9.71445147e-17  5.55111512e-17 -4.12478693e-17  2.22044605e-16]
  [-6.10622664e-16 -1.55431223e-15  1.21199347e-15 -2.44249065e-15]
  [-6.52256027e-16 -1.36002321e-15 -1.05471187e-15 -2.27595720e-15]
  [ 8.32667268e-16  1.66533454e-15  2.23201087e-15  3.33066907e-15]
  [ 2.77555756e-17 -1.11022302e-16 -2.22044605e-15 -2.22044605e-16]
  [ 6.38378239e-16  1.52655666e-15  0.00000000e+00  2.49800181e-15]]]